Template: EZ_SettingsTemplate_Sewer
DangerType: Flood
CeilingDrips: 0.6630435
WaveSpeed: 0.4805277
WaveLength: 0.9902638
WaveAmplitude: 0.02533245
SecondWaveLength: 0.1666667
SecondWaveAmplitude: 0
Grime: 0.7065217
Palette: 6
Effects: Darkness-0.7717391-20-20, Flies-0.5543478-30-30, 
AmbientSounds: OMNI><am_sub-cavetone.ogg><769.2261><222.0514><0.5><1, OMNI><am_sub-mysticcave1.ogg><770.0536><204.0573><0.5><1, 
